0 -35.110047
1 -33.611818
2 -32.933102
3 -33.812495
4 -33.215288
5 -32.008810
6 -35.341561
7 -43.385628
8 -36.191159
9 -28.954907
10 -27.534388
11 -32.406904
12 -34.114759
13 -41.570832
14 -35.018727
15 -36.448564
16 -45.305572
17 -37.730993
18 -37.448103
19 -28.778238
20 -31.466445
21 -31.955725
22 -28.284546
23 -27.233914
24 -30.624351
25 -31.855451
26 -28.028305
27 -30.874934
28 -28.416187
29 -26.063884
30 -25.618789
31 -25.565430
32 -28.002928
33 -30.477994
34 -32.148068
35 -34.384802
36 -33.353263
37 -33.012140
38 -29.117432
39 -26.419260
40 -23.194881
41 -25.204244
42 -28.350715
43 -27.256112
44 -28.497579
45 -28.706525
46 -33.312210
47 -35.857678
48 -36.860244
49 -39.272070
50 -39.733707
51 -40.478243
52 -42.054171
53 -39.434017
54 -32.593808
55 -34.160490
56 -28.451171
57 -28.055363
58 -29.181858
59 -31.352960
60 -27.483001
61 -31.644711
62 -27.105543
63 -30.107746
64 -28.035358
65 -27.168413
66 -25.007864
67 -24.920749
68 -29.535923
69 -27.836946
70 -27.436037
71 -25.679753
